Line	OP	 L	 M
 0		jmp	 0	10
 1		jmp	 0	 2
 2		inc	 0	 6
 3		lit	 0	 9
 4		sto	 0	 4
 5		lit	 0	 1
 6		sto	 1	 4
 7		lit	 0	 7
 8		sto	 0	 5
 9		opr	 0	 0
10		inc	 0	 6
11		lit	 0	 3
12		sto	 0	 4
13		lit	 0	 8
14		sto	 0	 5
15		cal	 0	 2
16		sio	 0	 3

								pc	bp	sp		stack
Initial values	0		999	1000		
 0 jmp 0 10			10	999	1000		
10 inc 0 6			11	999	994		0 0 0 0 0 0 
11 lit 0 3			12	999	993		0 0 0 0 0 0 3 
12 sto 0 4			13	999	994		0 0 0 0 3 0 
13 lit 0 8			14	999	993		0 0 0 0 3 0 8 
14 sto 0 5			15	999	994		0 0 0 0 3 8 
15 cal 0 2			 2	993	994		0 0 0 0 3 8 
 2 inc 0 6			 3	993	988		0 0 0 0 3 8  | 0 999 999 16 0 0 
 3 lit 0 9			 4	993	987		0 0 0 0 3 8  | 0 999 999 16 0 0 9 
 4 sto 0 4			 5	993	988		0 0 0 0 3 8  | 0 999 999 16 9 0 
 5 lit 0 1			 6	993	987		0 0 0 0 3 8  | 0 999 999 16 9 0 1 
 6 sto 1 4			 7	993	988		0 0 0 0 1 8  | 0 999 999 16 9 0 
 7 lit 0 7			 8	993	987		0 0 0 0 1 8  | 0 999 999 16 9 0 7 
 8 sto 0 5			 9	993	988		0 0 0 0 1 8  | 0 999 999 16 9 7 
 9 opr 0 0			16	999	994		0 0 0 0 1 8 
16 sio 0 3			17	999	994		